10000
7538
3482
6506
4382
5947
8790
7245
6647
9510
2577
4412
4908
4616
9737
4072
7055
5900
5087
7274
4222
9794
4650
1112
4853
3966
3970
102
8925
9831
9749
2482
80
2202
9766
7595
4312
2936
4074
4102
3471
6543
23
3108
8149
6870
856
6191
6308
7095
4704
5970
6778
3745
2971
340
9517
6933
3432
4652
7664
7186
4614
7210
8358
3240
4430
7490
2654
9343
5927
688
570
770
9048
7095
4942
8092
3830
6802
2050
4202
4782
7266
9895
5512
9430
8129
1517
6632
4657
5263
6232
8264
5674
8572
4446
7487
133
9237
5319
5425
6357
7086
8274
1303
6312
9237
8744
1462
4595
4202
1889
1149
2590
7341
6370
7984
9308
8921
4102
3883
7011
4589
2890
5167
9875
9717
8304
7516
3661
1567
5252
6704
1562
3445
4440
4063
7709
6655
5766
7301
6271
8790
9200
4395
606
5752
7699
727
2134
5594
8818
9104
8427
9730
6429
2314
7679
4654
1805
8668
8119
1855
9723
8432
2154
3656
7802
9023
3863
5208
9723
3985
9192
8354
4506
5253
4128
8426
9671
8074
1127
2992
7595
1813
4185
4402
3780
131
6826
6510
2213
9566
2468
4889
7818
8100
3958
3721
4796
2397
4731
8543
2430
1264
882
146
1992
2722
3643
8918
7096
1355
339
7223
411
4619
897
362
6353
2757
7655
5987
2942
5134
1068
8121
2775
3912
9235
4481
1256
7576
4074
6586
9819
9866
6561
1473
9299
2864
2182
1840
1726
2088
2114
2455
8502
2963
5227
8226
2709
7793
9936
889
5919
4597
2729
4036
5880
1034
9077
4130
6865
8155
4904
270
7164
3072
4639
9769
4679
1900
2887
8830
6894
1090
2404
4558
7097
5986
4738
2292
1157
4983
6485
4886
9487
4985
4824
2841
8347
8416
2881
9526
2021
1563
1119
2344
7959
6602
8512
5374
9861
5181
8770
8739
7084
3713
3167
5264
7490
4510
1510
7995
9785
9602
6610
9837
8195
8429
3141
2590
6767
3034
2491
7644
6770
3079
8258
4800
4335
4937
7440
8332
656
2488
2514
3076
7997
4942
4965
2489
3289
7405
4231
3194
5689
8663
8943
180
9814
796
673
1439
5556
7866
9561
4979
8597
2334
4262
4636
1723
7202
571
5155
7076
2953
2017
3778
7443
9005
6920
4079
7309
9930
2591
4129
5788
9606
2847
3932
6246
322
4982
2862
207
5084
5769
8352
3562
4931
9761
4413
5189
4247
9696
1383
4596
3457
1686
9274
247
7737
4446
6906
3853
4273
7939
6770
9973
466
8662
6622
2661
5258
3976
4424
2120
6098
8663
2585
9986
1070
7346
673
3401
2522
7083
3339
6273
741
32
8561
7613
3195
7131
9737
2455
5801
2099
7236
148
4610
2889
4799
3675
9028
4758
599
2301
6389
9291
7365
8766
1240
212
1682
2597
5607
8440
8562
8971
6564
4959
5609
1822
2673
1361
7243
7978
6272
8357
4568
1149
1213
1599
9065
182
2938
2979
2991
9995
6661
8513
5051
3816
6592
8682
2241
3859
710
9604
111
6440
8464
6896
7815
7271
3186
8088
8038
4119
669
6986
164
6308
713
5513
485
3159
4321
6923
401
1682
8754
3849
1991
404
9258
1753
9981
9153
5282
2482
3461
9704
7706
3077
2221
4335
711
1530
1991
3615
7578
1334
497
3312
8403
6279
9009
7789
9632
5193
6152
1654
3307
220
3992
1086
4280
8179
6644
1783
7157
7165
5009
3101
7779
9152
8146
8057
4807
1097
9808
6310
3681
3608
1640
6923
4647
5934
6410
2863
5190
8916
4562
9708
9127
5408
6948
1474
4594
3951
7110
1379
3944
8993
3240
6582
1266
4497
4731
3577
3523
6669
2302
693
9535
7594
1847
8130
1350
5371
378
8952
5042
2821
3083
6501
4478
8809
2226
7144
5452
575
4514
4164
4849
1628
6559
8797
3317
7342
3956
3526
8478
3817
3720
1886
2005
5714
159
4183
9333
7351
901
6348
1219
3849
5695
7295
3847
6716
7621
972
6179
5192
9205
4938
1503
798
1669
4915
7073
1064
4428
8272
5697
1192
872
1978
8429
1829
5591
4879
4514
4699
3340
7046
2569
9504
8229
2948
755
4475
5081
2405
3026
9808
6749
1116
2473
3165
989
6749
8006
9257
7119
9640
7865
5620
5118
9562
968
3016
7032
1617
6741
2213
9728
915
9830
1720
6296
7361
8722
220
9725
5698
9739
9591
9353
3932
7962
9234
538
1686
2334
5203
487
6577
8956
9219
9276
267
6542
694
5537
5978
4637
7980
3847
2127
5550
8640
8417
9715
4872
7975
9176
7823
1884
1797
9179
7464
8254
2164
6780
2697
9747
8092
9477
1098
5855
6611
1539
176
1488
6886
2519
7887
2245
4390
9222
6610
9915
1643
5761
656
99
3888
7990
6313
4245
6583
9304
652
6483
1204
1861
2842
2515
637
9374
9724
4989
9140
3777
3049
4702
5574
6427
6623
8125
8892
4800
9137
5782
3347
9766
3105
7940
2608
2433
6510
4262
7977
9924
9734
563
32
5344
9956
4553
5608
9129
5848
3308
4664
1493
6972
3430
3830
6960
9111
8287
1282
8661
6474
8841
3090
3664
3305
8773
2904
8603
6599
5674
1061
6152
3744
824
6174
229
8486
3380
3888
5178
1678
1319
1041
5508
2280
4495
9743
3163
8219
4440
2764
5542
9441
9797
9338
4100
7963
7016
1410
1097
9697
6736
869
1891
2388
5343
6493
1972
8095
7471
5139
3248
4948
4561
8805
4793
5052
9774
5216
3530
4867
5059
9971
1979
2440
1051
7602
6510
3232
1196
8588
95
8024
2633
8963
7519
5150
2883
1378
24
4047
262
6484
9839
1131
6913
2320
5592
4867
8179
8159
3992
4144
4176
3232
9453
2093
8687
736
76
8387
8000
4894
5330
1146
5757
916
9658
4298
8567
6894
6888
2441
4907
129
5945
6269
6475
7973
9817
3008
3375
400
8094
4943
2027
6503
4228
2739
1950
4726
1472
9570
2412
1492
851
5305
6606
3655
583
5173
8296
4050
2044
3867
3104
5854
8814
3380
8359
3019
59
4930
6538
4192
9670
3212
5240
5805
6076
6967
6690
466
4580
8898
1786
7302
9533
5789
500
7538
3482
6506
4382
5947
8790
7245
6647
9510
2577
4412
4908
4616
9737
4072
7055
5900
5087
7274
4222
9794
4650
1112
4853
3966
3970
102
8925
9831
9749
2482
80
2202
9766
7595
4312
2936
4074
4102
3471
6543
23
3108
8149
6870
856
6191
6308
7095
4704
5970
6778
3745
2971
340
9517
6933
3432
4652
7664
7186
4614
7210
8358
3240
4430
7490
2654
9343
5927
688
570
770
9048
7095
4942
8092
3830
6802
2050
4202
4782
7266
9895
5512
9430
8129
1517
6632
4657
5263
6232
8264
5674
8572
4446
7487
133
9237
5319
5425
6357
7086
8274
1303
6312
9237
8744
1462
4595
4202
1889
1149
2590
7341
6370
7984
9308
8921
4102
3883
7011
4589
2890
5167
9875
9717
8304
7516
3661
1567
5252
6704
1562
3445
4440
4063
7709
6655
5766
7301
6271
8790
9200
4395
606
5752
7699
727
2134
5594
8818
9104
8427
9730
6429
2314
7679
4654
1805
8668
8119
1855
9723
8432
2154
3656
7802
9023
3863
5208
9723
3985
9192
8354
4506
5253
4128
8426
9671
8074
1127
2992
7595
1813
4185
4402
3780
131
6826
6510
2213
9566
2468
4889
7818
8100
3958
3721
4796
2397
4731
8543
2430
1264
882
146
1992
2722
3643
8918
7096
1355
339
7223
411
4619
897
362
6353
2757
7655
5987
2942
5134
1068
8121
2775
3912
9235
4481
1256
7576
4074
6586
9819
9866
6561
1473
9299
2864
2182
1840
1726
2088
2114
2455
8502
2963
5227
8226
2709
7793
9936
889
5919
4597
2729
4036
5880
1034
9077
4130
6865
8155
4904
270
7164
3072
4639
9769
4679
1900
2887
8830
6894
1090
2404
4558
7097
5986
4738
2292
1157
4983
6485
4886
9487
4985
4824
2841
8347
8416
2881
9526
2021
1563
1119
2344
7959
6602
8512
5374
9861
5181
8770
8739
7084
3713
3167
5264
7490
4510
1510
7995
9785
9602
6610
9837
8195
8429
3141
2590
6767
3034
2491
7644
6770
3079
8258
4800
4335
4937
7440
8332
656
2488
2514
3076
7997
4942
4965
2489
3289
7405
4231
3194
5689
8663
8943
180
9814
796
673
1439
5556
7866
9561
4979
8597
2334
4262
4636
1723
7202
571
5155
7076
2953
2017
3778
7443
9005
6920
4079
7309
9930
2591
4129
5788
9606
2847
3932
6246
322
4982
2862
207
5084
5769
8352
3562
4931
9761
4413
5189
4247
9696
1383
4596
3457
1686
9274
247
7737
4446
6906
3853
4273
7939
6770
9973
466
8662
6622
2661
5258
3976
4424
2120
6098
8663
2585
9986
1070
7346
673
3401
2522
7083
3339
6273
741
32
8561
7613
3195
7131
9737
2455
5801
2099
7236
148
4610
2889
4799
3675
9028
4758
599
2301
6389
9291
7365
8766
1240
212
1682
2597
5607
8440
8562
8971
6564
4959
5609
1822
2673
1361
7243
7978
6272
8357
4568
1149
1213
1599
9065
182
2938
2979
2991
9995
6661
8513
5051
3816
6592
8682
2241
3859
710
9604
111
6440
8464
6896
7815
7271
3186
8088
8038
4119
669
6986
164
6308
713
5513
485
3159
4321
6923
401
1682
8754
3849
1991
404
9258
1753
9981
9153
5282
2482
3461
9704
7706
3077
2221
4335
711
1530
1991
3615
7578
1334
497
3312
8403
6279
9009
7789
9632
5193
6152
1654
3307
220
3992
1086
4280
8179
6644
1783
7157
7165
5009
3101
7779
9152
8146
8057
4807
1097
9808
6310
3681
3608
1640
6923
4647
5934
6410
2863
5190
8916
4562
9708
9127
5408
6948
1474
4594
3951
7110
1379
3944
8993
3240
6582
1266
4497
4731
3577
3523
6669
2302
693
9535
7594
1847
8130
1350
5371
378
8952
5042
2821
3083
6501
4478
8809
2226
7144
5452
575
4514
4164
4849
1628
6559
8797
3317
7342
3956
3526
8478
3817
3720
1886
2005
5714
159
4183
9333
7351
901
6348
1219
3849
5695
7295
3847
6716
7621
972
6179
5192
9205
4938
1503
798
1669
4915
7073
1064
4428
8272
5697
1192
872
1978
8429
1829
5591
4879
4514
4699
3340
7046
2569
9504
8229
2948
755
4475
5081
2405
3026
9808
6749
1116
2473
3165
989
6749
8006
9257
7119
9640
7865
5620
5118
9562
968
3016
7032
1617
6741
2213
9728
915
9830
1720
6296
7361
8722
220
9725
5698
9739
9591
9353
3932
7962
9234
538
1686
2334
5203
487
6577
8956
9219
9276
267
6542
694
5537
5978
4637
7980
3847
2127
5550
8640
8417
9715
4872
7975
9176
7823
1884
1797
9179
7464
8254
2164
6780
2697
9747
8092
9477
1098
5855
6611
1539
176
1488
6886
2519
7887
2245
4390
9222
6610
9915
1643
5761
656
99
3888
7990
6313
4245
6583
9304
652
6483
1204
1861
2842
2515
637
9374
9724
4989
9140
3777
3049
4702
5574
6427
6623
8125
8892
4800
9137
5782
3347
9766
3105
7940
2608
2433
6510
4262
7977
9924
9734
563
32
5344
9956
4553
5608
9129
5848
3308
4664
1493
6972
3430
3830
6960
9111
8287
1282
8661
6474
8841
3090
3664
3305
8773
2904
8603
6599
5674
1061
6152
3744
824
6174
229
8486
3380
3888
5178
1678
1319
1041
5508
2280
4495
9743
3163
8219
4440
2764
5542
9441
9797
9338
4100
7963
7016
1410
1097
9697
6736
869
1891
2388
5343
6493
1972
8095
7471
5139
3248
4948
4561
8805
4793
5052
9774
5216
3530
4867
5059
9971
1979
2440
1051
7602
6510
3232
1196
8588
95
8024
2633
8963
7519
5150
2883
1378
24
4047
262
6484
9839
1131
6913
2320
5592
4867
8179
8159
3992
4144
4176
3232
9453
2093
8687
736
76
8387
8000
4894
5330
1146
5757
916
9658
4298
8567
6894
6888
2441
4907
129
5945
6269
6475
7973
9817
3008
3375
400
8094
4943
2027
6503
4228
2739
1950
4726
1472
9570
2412
1492
851
5305
6606
3655
583
5173
8296
4050
2044
3867
3104
5854
8814
3380
8359
3019
59
4930
6538
4192
9670
3212
5240
5805
6076
6967
6690
466
4580
8898
1786
7302
9533
5789
1500
7538
3482
6506
4382
5947
8790
7245
6647
9510
2577
4412
4908
4616
9737
4072
7055
5900
5087
7274
4222
9794
4650
1112
4853
3966
3970
102
8925
9831
9749
2482
80
2202
9766
7595
4312
2936
4074
4102
3471
6543
23
3108
8149
6870
856
6191
6308
7095
4704
5970
6778
3745
2971
340
9517
6933
3432
4652
7664
7186
4614
7210
8358
3240
4430
7490
2654
9343
5927
688
570
770
9048
7095
4942
8092
3830
6802
2050
4202
4782
7266
9895
5512
9430
8129
1517
6632
4657
5263
6232
8264
5674
8572
4446
7487
133
9237
5319
5425
6357
7086
8274
1303
6312
9237
8744
1462
4595
4202
1889
1149
2590
7341
6370
7984
9308
8921
4102
3883
7011
4589
2890
5167
9875
9717
8304
7516
3661
1567
5252
6704
1562
3445
4440
4063
7709
6655
5766
7301
6271
8790
9200
4395
606
5752
7699
727
2134
5594
8818
9104
8427
9730
6429
2314
7679
4654
1805
8668
8119
1855
9723
8432
2154
3656
7802
9023
3863
5208
9723
3985
9192
8354
4506
5253
4128
8426
9671
8074
1127
2992
7595
1813
4185
4402
3780
131
6826
6510
2213
9566
2468
4889
7818
8100
3958
3721
4796
2397
4731
8543
2430
1264
882
146
1992
2722
3643
8918
7096
1355
339
7223
411
4619
897
362
6353
2757
7655
5987
2942
5134
1068
8121
2775
3912
9235
4481
1256
7576
4074
6586
9819
9866
6561
1473
9299
2864
2182
1840
1726
2088
2114
2455
8502
2963
5227
8226
2709
7793
9936
889
5919
4597
2729
4036
5880
1034
9077
4130
6865
8155
4904
270
7164
3072
4639
9769
4679
1900
2887
8830
6894
1090
2404
4558
7097
5986
4738
2292
1157
4983
6485
4886
9487
4985
4824
2841
8347
8416
2881
9526
2021
1563
1119
2344
7959
6602
8512
5374
9861
5181
8770
8739
7084
3713
3167
5264
7490
4510
1510
7995
9785
9602
6610
9837
8195
8429
3141
2590
6767
3034
2491
7644
6770
3079
8258
4800
4335
4937
7440
8332
656
2488
2514
3076
7997
4942
4965
2489
3289
7405
4231
3194
5689
8663
8943
180
9814
796
673
1439
5556
7866
9561
4979
8597
2334
4262
4636
1723
7202
571
5155
7076
2953
2017
3778
7443
9005
6920
4079
7309
9930
2591
4129
5788
9606
2847
3932
6246
322
4982
2862
207
5084
5769
8352
3562
4931
9761
4413
5189
4247
9696
1383
4596
3457
1686
9274
247
7737
4446
6906
3853
4273
7939
6770
9973
466
8662
6622
2661
5258
3976
4424
2120
6098
8663
2585
9986
1070
7346
673
3401
2522
7083
3339
6273
741
32
8561
7613
3195
7131
9737
2455
5801
2099
7236
148
4610
2889
4799
3675
9028
4758
599
2301
6389
9291
7365
8766
1240
212
1682
2597
5607
8440
8562
8971
6564
4959
5609
1822
2673
1361
7243
7978
6272
8357
4568
1149
1213
1599
9065
182
2938
2979
2991
9995
6661
8513
5051
3816
6592
8682
2241
3859
710
9604
111
6440
8464
6896
7815
7271
3186
8088
8038
4119
669
6986
164
6308
713
5513
485
3159
4321
6923
401
1682
8754
3849
1991
404
9258
1753
9981
9153
5282
2482
3461
9704
7706
3077
2221
4335
711
1530
1991
3615
7578
1334
497
3312
8403
6279
9009
7789
9632
5193
6152
1654
3307
220
3992
1086
4280
8179
6644
1783
7157
7165
5009
3101
7779
9152
8146
8057
4807
1097
9808
6310
3681
3608
1640
6923
4647
5934
6410
2863
5190
8916
4562
9708
9127
5408
6948
1474
4594
3951
7110
1379
3944
8993
3240
6582
1266
4497
4731
3577
3523
6669
2302
693
9535
7594
1847
8130
1350
5371
378
8952
5042
2821
3083
6501
4478
8809
2226
7144
5452
575
4514
4164
4849
1628
6559
8797
3317
7342
3956
3526
8478
3817
3720
1886
2005
5714
159
4183
9333
7351
901
6348
1219
3849
5695
7295
3847
6716
7621
972
6179
5192
9205
4938
1503
798
1669
4915
7073
1064
4428
8272
5697
1192
872
1978
8429
1829
5591
4879
4514
4699
3340
7046
2569
9504
8229
2948
755
4475
5081
2405
3026
9808
6749
1116
2473
3165
989
6749
8006
9257
7119
9640
7865
5620
5118
9562
968
3016
7032
1617
6741
2213
9728
915
9830
1720
6296
7361
8722
220
9725
5698
9739
9591
9353
3932
7962
9234
538
1686
2334
5203
487
6577
8956
9219
9276
267
6542
694
5537
5978
4637
7980
3847
2127
5550
8640
8417
9715
4872
7975
9176
7823
1884
1797
9179
7464
8254
2164
6780
2697
9747
8092
9477
1098
5855
6611
1539
176
1488
6886
2519
7887
2245
4390
9222
6610
9915
1643
5761
656
99
3888
7990
6313
4245
6583
9304
652
6483
1204
1861
2842
2515
637
9374
9724
4989
9140
3777
3049
4702
5574
6427
6623
8125
8892
4800
9137
5782
3347
9766
3105
7940
2608
2433
6510
4262
7977
9924
9734
563
32
5344
9956
4553
5608
9129
5848
3308
4664
1493
6972
3430
3830
6960
9111
8287
1282
8661
6474
8841
3090
3664
3305
8773
2904
8603
6599
5674
1061
6152
3744
824
6174
229
8486
3380
3888
5178
1678
1319
1041
5508
2280
4495
9743
3163
8219
4440
2764
5542
9441
9797
9338
4100
7963
7016
1410
1097
9697
6736
869
1891
2388
5343
6493
1972
8095
7471
5139
3248
4948
4561
8805
4793
5052
9774
5216
3530
4867
5059
9971
1979
2440
1051
7602
6510
3232
1196
8588
95
8024
2633
8963
7519
5150
2883
1378
24
4047
262
6484
9839
1131
6913
2320
5592
4867
8179
8159
3992
4144
4176
3232
9453
2093
8687
736
76
8387
8000
4894
5330
1146
5757
916
9658
4298
8567
6894
6888
2441
4907
129
5945
6269
6475
7973
9817
3008
3375
400
8094
4943
2027
6503
4228
2739
1950
4726
1472
9570
2412
1492
851
5305
6606
3655
583
5173
8296
4050
2044
3867
3104
5854
8814
3380
8359
3019
59
4930
6538
4192
9670
3212
5240
5805
6076
6967
6690
466
4580
8898
1786
7302
9533
5789
500
7538
3482
6506
4382
5947
8790
7245
6647
9510
2577
4412
4908
4616
9737
4072
7055
5900
5087
7274
4222
9794
4650
1112
4853
3966
3970
102
8925
9831
9749
2482
80
2202
9766
7595
4312
2936
4074
4102
3471
6543
23
3108
8149
6870
856
6191
6308
7095
4704
5970
6778
3745
2971
340
9517
6933
3432
4652
7664
7186
4614
7210
8358
3240
4430
7490
2654
9343
5927
688
570
770
9048
7095
4942
8092
3830
6802
2050
4202
4782
7266
9895
5512
9430
8129
1517
6632
4657
5263
6232
8264
5674
8572
4446
7487
133
9237
5319
5425
6357
7086
8274
1303
6312
9237
8744
1462
4595
4202
1889
1149
2590
7341
6370
7984
9308
8921
4102
3883
7011
4589
2890
5167
9875
9717
8304
7516
3661
1567
5252
6704
1562
3445
4440
4063
7709
6655
5766
7301
6271
8790
9200
4395
606
5752
7699
727
2134
5594
8818
9104
8427
9730
6429
2314
7679
4654
1805
8668
8119
1855
9723
8432
2154
3656
7802
9023
3863
5208
9723
3985
9192
8354
4506
5253
4128
8426
9671
8074
1127
2992
7595
1813
4185
4402
3780
131
6826
6510
2213
9566
2468
4889
7818
8100
3958
3721
4796
2397
4731
8543
2430
1264
882
146
1992
2722
3643
8918
7096
1355
339
7223
411
4619
897
362
6353
2757
7655
5987
2942
5134
1068
8121
2775
3912
9235
4481
1256
7576
4074
6586
9819
9866
6561
1473
9299
2864
2182
1840
1726
2088
2114
2455
8502
2963
5227
8226
2709
7793
9936
889
5919
4597
2729
4036
5880
1034
9077
4130
6865
8155
4904
270
7164
3072
4639
9769
4679
1900
2887
8830
6894
1090
2404
4558
7097
5986
4738
2292
1157
4983
6485
4886
9487
4985
4824
2841
8347
8416
2881
9526
2021
1563
1119
2344
7959
6602
8512
5374
9861
5181
8770
8739
7084
3713
3167
5264
7490
4510
1510
7995
9785
9602
6610
9837
8195
8429
3141
2590
6767
3034
2491
7644
6770
3079
8258
4800
4335
4937
7440
8332
656
2488
2514
3076
7997
4942
4965
2489
3289
7405
4231
3194
5689
8663
8943
180
9814
796
673
1439
5556
7866
9561
4979
8597
2334
4262
4636
1723
7202
571
5155
7076
2953
2017
3778
7443
9005
6920
4079
7309
9930
2591
4129
5788
9606
2847
3932
6246
322
4982
2862
207
5084
5769
8352
3562
4931
9761
4413
5189
4247
9696
1383
4596
3457
1686
9274
247
7737
4446
6906
3853
4273
7939
6770
9973
466
8662
6622
2661
5258
3976
4424
2120
6098
8663
2585
9986
1070
7346
673
3401
2522
7083
3339
6273
741
32
8561
7613
3195
7131
9737
2455
5801
2099
7236
148
4610
2889
4799
3675
9028
4758
599
2301
6389
9291
7365
8766
1240
212
1682
2597
5607
8440
8562
8971
6564
4959
5609
1822
2673
1361
7243
7978
6272
8357
4568
1149
1213
1599
9065
182
2938
2979
2991
9995
6661
8513
5051
3816
6592
8682
2241
3859
710
9604
111
6440
8464
6896
7815
7271
3186
8088
8038
4119
669
6986
164
6308
713
5513
485
3159
4321
6923
401
1682
8754
3849
1991
404
9258
1753
9981
9153
5282
2482
3461
9704
7706
3077
2221
4335
711
1530
1991
3615
7578
1334
497
3312
8403
6279
9009
7789
9632
5193
6152
1654
3307
220
3992
1086
4280
8179
6644
1783
7157
7165
5009
3101
7779
9152
8146
8057
4807
1097
9808
6310
3681
3608
1640
6923
4647
5934
6410
2863
5190
8916
4562
9708
9127
5408
6948
1474
4594
3951
7110
1379
3944
8993
3240
6582
1266
4497
4731
3577
3523
6669
2302
693
9535
7594
1847
8130
1350
5371
378
8952
5042
2821
3083
6501
4478
8809
2226
7144
5452
575
4514
4164
4849
1628
6559
8797
3317
7342
3956
3526
8478
3817
3720
1886
2005
5714
159
4183
9333
7351
901
6348
1219
3849
5695
7295
3847
6716
7621
972
6179
5192
9205
4938
1503
798
1669
4915
7073
1064
4428
8272
5697
1192
872
1978
8429
1829
5591
4879
4514
4699
3340
7046
2569
9504
8229
2948
755
4475
5081
2405
3026
9808
6749
1116
2473
3165
989
6749
8006
9257
7119
9640
7865
5620
5118
9562
968
3016
7032
1617
6741
2213
9728
915
9830
1720
6296
7361
8722
220
9725
5698
9739
9591
9353
3932
7962
9234
538
1686
2334
5203
487
6577
8956
9219
9276
267
6542
694
5537
5978
4637
7980
3847
2127
5550
8640
8417
9715
4872
7975
9176
7823
1884
1797
9179
7464
8254
2164
6780
2697
9747
8092
9477
1098
5855
6611
1539
176
1488
6886
2519
7887
2245
4390
9222
6610
9915
1643
5761
656
99
3888
7990
6313
4245
6583
9304
652
6483
1204
1861
2842
2515
637
9374
9724
4989
9140
3777
3049
4702
5574
6427
6623
8125
8892
4800
9137
5782
3347
9766
3105
7940
2608
2433
6510
4262
7977
9924
9734
563
32
5344
9956
4553
5608
9129
5848
3308
4664
1493
6972
3430
3830
6960
9111
8287
1282
8661
6474
8841
3090
3664
3305
8773
2904
8603
6599
5674
1061
6152
3744
824
6174
229
8486
3380
3888
5178
1678
1319
1041
5508
2280
4495
9743
3163
8219
4440
2764
5542
9441
9797
9338
4100
7963
7016
1410
1097
9697
6736
869
1891
2388
5343
6493
1972
8095
7471
5139
3248
4948
4561
8805
4793
5052
9774
5216
3530
4867
5059
9971
1979
2440
1051
7602
6510
3232
1196
8588
95
8024
2633
8963
7519
5150
2883
1378
24
4047
262
6484
9839
1131
6913
2320
5592
4867
8179
8159
3992
4144
4176
3232
9453
2093
8687
736
76
8387
8000
4894
5330
1146
5757
916
9658
4298
8567
6894
6888
2441
4907
129
5945
6269
6475
7973
9817
3008
3375
400
8094
4943
2027
6503
4228
2739
1950
4726
1472
9570
2412
1492
851
5305
6606
3655
583
5173
8296
4050
2044
3867
3104
5854
8814
3380
8359
3019
59
4930
6538
4192
9670
3212
5240
5805
6076
6967
6690
466
4580
8898
1786
7302
9533
5789
1000
7538
3482
6506
4382
5947
8790
7245
6647
9510
2577
4412
4908
4616
9737
4072
7055
5900
5087
7274
4222
9794
4650
1112
4853
3966
3970
102
8925
9831
9749
2482
80
2202
9766
7595
4312
2936
4074
4102
3471
6543
23
3108
8149
6870
856
6191
6308
7095
4704
5970
6778
3745
2971
340
9517
6933
3432
4652
7664
7186
4614
7210
8358
3240
4430
7490
2654
9343
5927
688
570
770
9048
7095
4942
8092
3830
6802
2050
4202
4782
7266
9895
5512
9430
8129
1517
6632
4657
5263
6232
8264
5674
8572
4446
7487
133
9237
5319
5425
6357
7086
8274
1303
6312
9237
8744
1462
4595
4202
1889
1149
2590
7341
6370
7984
9308
8921
4102
3883
7011
4589
2890
5167
9875
9717
8304
7516
3661
1567
5252
6704
1562
3445
4440
4063
7709
6655
5766
7301
6271
8790
9200
4395
606
5752
7699
727
2134
5594
8818
9104
8427
9730
6429
2314
7679
4654
1805
8668
8119
1855
9723
8432
2154
3656
7802
9023
3863
5208
9723
3985
9192
8354
4506
5253
4128
8426
9671
8074
1127
2992
7595
1813
4185
4402
3780
131
6826
6510
2213
9566
2468
4889
7818
8100
3958
3721
4796
2397
4731
8543
2430
1264
882
146
1992
2722
3643
8918
7096
1355
339
7223
411
4619
897
362
6353
2757
7655
5987
2942
5134
1068
8121
2775
3912
9235
4481
1256
7576
4074
6586
9819
9866
6561
1473
9299
2864
2182
1840
1726
2088
2114
2455
8502
2963
5227
8226
2709
7793
9936
889
5919
4597
2729
4036
5880
1034
9077
4130
6865
8155
4904
270
7164
3072
4639
9769
4679
1900
2887
8830
6894
1090
2404
4558
7097
5986
4738
2292
1157
4983
6485
4886
9487
4985
4824
2841
8347
8416
2881
9526
2021
1563
1119
2344
7959
6602
8512
5374
9861
5181
8770
8739
7084
3713
3167
5264
7490
4510
1510
7995
9785
9602
6610
9837
8195
8429
3141
2590
6767
3034
2491
7644
6770
3079
8258
4800
4335
4937
7440
8332
656
2488
2514
3076
7997
4942
4965
2489
3289
7405
4231
3194
5689
8663
8943
180
9814
796
673
1439
5556
7866
9561
4979
8597
2334
4262
4636
1723
7202
571
5155
7076
2953
2017
3778
7443
9005
6920
4079
7309
9930
2591
4129
5788
9606
2847
3932
6246
322
4982
2862
207
5084
5769
8352
3562
4931
9761
4413
5189
4247
9696
1383
4596
3457
1686
9274
247
7737
4446
6906
3853
4273
7939
6770
9973
466
8662
6622
2661
5258
3976
4424
2120
6098
8663
2585
9986
1070
7346
673
3401
2522
7083
3339
6273
741
32
8561
7613
3195
7131
9737
2455
5801
2099
7236
148
4610
2889
4799
3675
9028
4758
599
2301
6389
9291
7365
8766
1240
212
1682
2597
5607
8440
8562
8971
6564
4959
5609
1822
2673
1361
7243
7978
6272
8357
4568
1149
1213
1599
9065
182
2938
2979
2991
9995
6661
8513
5051
3816
6592
8682
2241
3859
710
9604
111
6440
8464
6896
7815
7271
3186
8088
8038
4119
669
6986
164
6308
713
5513
485
3159
4321
6923
401
1682
8754
3849
1991
404
9258
1753
9981
9153
5282
2482
3461
9704
7706
3077
2221
4335
711
1530
1991
3615
7578
1334
497
3312
8403
6279
9009
7789
9632
5193
6152
1654
3307
220
3992
1086
4280
8179
6644
1783
7157
7165
5009
3101
7779
9152
8146
8057
4807
1097
9808
6310
3681
3608
1640
6923
4647
5934
6410
2863
5190
8916
4562
9708
9127
5408
6948
1474
4594
3951
7110
1379
3944
8993
3240
6582
1266
4497
4731
3577
3523
6669
2302
693
9535
7594
1847
8130
1350
5371
378
8952
5042
2821
3083
6501
4478
8809
2226
7144
5452
575
4514
4164
4849
1628
6559
8797
3317
7342
3956
3526
8478
3817
3720
1886
2005
5714
159
4183
9333
7351
901
6348
1219
3849
5695
7295
3847
6716
7621
972
6179
5192
9205
4938
1503
798
1669
4915
7073
1064
4428
8272
5697
1192
872
1978
8429
1829
5591
4879
4514
4699
3340
7046
2569
9504
8229
2948
755
4475
5081
2405
3026
9808
6749
1116
2473
3165
989
6749
8006
9257
7119
9640
7865
5620
5118
9562
968
3016
7032
1617
6741
2213
9728
915
9830
1720
6296
7361
8722
220
9725
5698
9739
9591
9353
3932
7962
9234
538
1686
2334
5203
487
6577
8956
9219
9276
267
6542
694
5537
5978
4637
7980
3847
2127
5550
8640
8417
9715
4872
7975
9176
7823
1884
1797
9179
7464
8254
2164
6780
2697
9747
8092
9477
1098
5855
6611
1539
176
1488
6886
2519
7887
2245
4390
9222
6610
9915
1643
5761
656
99
3888
7990
6313
4245
6583
9304
652
6483
1204
1861
2842
2515
637
9374
9724
4989
9140
3777
3049
4702
5574
6427
6623
8125
8892
4800
9137
5782
3347
9766
3105
7940
2608
2433
6510
4262
7977
9924
9734
563
32
5344
9956
4553
5608
9129
5848
3308
4664
1493
6972
3430
3830
6960
9111
8287
1282
8661
6474
8841
3090
3664
3305
8773
2904
8603
6599
5674
1061
6152
3744
824
6174
229
8486
3380
3888
5178
1678
1319
1041
5508
2280
4495
9743
3163
8219
4440
2764
5542
9441
9797
9338
4100
7963
7016
1410
1097
9697
6736
869
1891
2388
5343
6493
1972
8095
7471
5139
3248
4948
4561
8805
4793
5052
9774
5216
3530
4867
5059
9971
1979
2440
1051
7602
6510
3232
1196
8588
95
8024
2633
8963
7519
5150
2883
1378
24
4047
262
6484
9839
1131
6913
2320
5592
4867
8179
8159
3992
4144
4176
3232
9453
2093
8687
736
76
8387
8000
4894
5330
1146
5757
916
9658
4298
8567
6894
6888
2441
4907
129
5945
6269
6475
7973
9817
3008
3375
400
8094
4943
2027
6503
4228
2739
1950
4726
1472
9570
2412
1492
851
5305
6606
3655
583
5173
8296
4050
2044
3867
3104
5854
8814
3380
8359
3019
59
4930
6538
4192
9670
3212
5240
5805
6076
6967
6690
466
4580
8898
1786
7302
9533
5789
500
7538
3482
6506
4382
5947
8790
7245
6647
9510
2577
4412
4908
4616
9737
4072
7055
5900
5087
7274
4222
9794
4650
1112
4853
3966
3970
102
8925
9831
9749
2482
80
2202
9766
7595
4312
2936
4074
4102
3471
6543
23
3108
8149
6870
856
6191
6308
7095
4704
5970
6778
3745
2971
340
9517
6933
3432
4652
7664
7186
4614
7210
8358
3240
4430
7490
2654
9343
5927
688
570
770
9048
7095
4942
8092
3830
6802
2050
4202
4782
7266
9895
5512
9430
8129
1517
6632
4657
5263
6232
8264
5674
8572
4446
7487
133
9237
5319
5425
6357
7086
8274
1303
6312
9237
8744
1462
4595
4202
1889
1149
2590
7341
6370
7984
9308
8921
4102
3883
7011
4589
2890
5167
9875
9717
8304
7516
3661
1567
5252
6704
1562
3445
4440
4063
7709
6655
5766
7301
6271
8790
9200
4395
606
5752
7699
727
2134
5594
8818
9104
8427
9730
6429
2314
7679
4654
1805
8668
8119
1855
9723
8432
2154
3656
7802
9023
3863
5208
9723
3985
9192
8354
4506
5253
4128
8426
9671
8074
1127
2992
7595
1813
4185
4402
3780
131
6826
6510
2213
9566
2468
4889
7818
8100
3958
3721
4796
2397
4731
8543
2430
1264
882
146
1992
2722
3643
8918
7096
1355
339
7223
411
4619
897
362
6353
2757
7655
5987
2942
5134
1068
8121
2775
3912
9235
4481
1256
7576
4074
6586
9819
9866
6561
1473
9299
2864
2182
1840
1726
2088
2114
2455
8502
2963
5227
8226
2709
7793
9936
889
5919
4597
2729
4036
5880
1034
9077
4130
6865
8155
4904
270
7164
3072
4639
9769
4679
1900
2887
8830
6894
1090
2404
4558
7097
5986
4738
2292
1157
4983
6485
4886
9487
4985
4824
2841
8347
8416
2881
9526
2021
1563
1119
2344
7959
6602
8512
5374
9861
5181
8770
8739
7084
3713
3167
5264
7490
4510
1510
7995
9785
9602
6610
9837
8195
8429
3141
2590
6767
3034
2491
7644
6770
3079
8258
4800
4335
4937
7440
8332
656
2488
2514
3076
7997
4942
4965
2489
3289
7405
4231
3194
5689
8663
8943
180
9814
796
673
1439
5556
7866
9561
4979
8597
2334
4262
4636
1723
7202
571
5155
7076
2953
2017
3778
7443
9005
6920
4079
7309
9930
2591
4129
5788
9606
2847
3932
6246
322
4982
2862
207
5084
5769
8352
3562
4931
9761
4413
5189
4247
9696
1383
4596
3457
1686
9274
247
7737
4446
6906
3853
4273
7939
6770
9973
466
8662
6622
2661
5258
3976
4424
2120
6098
8663
2585
9986
1070
7346
673
3401
2522
7083
3339
6273
741
32
8561
7613
3195
7131
9737
2455
5801
2099
7236
148
4610
2889
4799
3675
9028
4758
599
2301
6389
9291
7365
8766
1240
212
1682
2597
5607
8440
8562
8971
6564
4959
5609
1822
2673
1361
7243
7978
6272
8357
4568
1149
1213
1599
9065
182
2938
2979
2991
9995
6661
8513
5051
3816
6592
8682
2241
3859
710
9604
111
6440
8464
6896
7815
7271
3186
8088
8038
4119
669
6986
164
6308
713
5513
485
3159
4321
6923
401
1682
8754
3849
1991
404
9258
1753
9981
9153
5282
2482
3461
9704
7706
3077
2221
4335
711
1530
1991
3615
7578
1334
497
3312
8403
6279
9009
7789
9632
5193
6152
1654
3307
220
3992
1086
4280
8179
6644
1783
7157
7165
5009
3101
7779
9152
8146
8057
4807
1097
9808
6310
3681
3608
1640
6923
4647
5934
6410
2863
5190
8916
4562
9708
9127
5408
6948
1474
4594
3951
7110
1379
3944
8993
3240
6582
1266
4497
4731
3577
3523
6669
2302
693
9535
7594
1847
8130
1350
5371
378
8952
5042
2821
3083
6501
4478
8809
2226
7144
5452
575
4514
4164
4849
1628
6559
8797
3317
7342
3956
3526
8478
3817
3720
1886
2005
5714
159
4183
9333
7351
901
6348
1219
3849
5695
7295
3847
6716
7621
972
6179
5192
9205
4938
1503
798
1669
4915
7073
1064
4428
8272
5697
1192
872
1978
8429
1829
5591
4879
4514
4699
3340
7046
2569
9504
8229
2948
755
4475
5081
2405
3026
9808
6749
1116
2473
3165
989
6749
8006
9257
7119
9640
7865
5620
5118
9562
968
3016
7032
1617
6741
2213
9728
915
9830
1720
6296
7361
8722
220
9725
5698
9739
9591
9353
3932
7962
9234
538
1686
2334
5203
487
6577
8956
9219
9276
267
6542
694
5537
5978
4637
7980
3847
2127
5550
8640
8417
9715
4872
7975
9176
7823
1884
1797
9179
7464
8254
2164
6780
2697
9747
8092
9477
1098
5855
6611
1539
176
1488
6886
2519
7887
2245
4390
9222
6610
9915
1643
5761
656
99
3888
7990
6313
4245
6583
9304
652
6483
1204
1861
2842
2515
637
9374
9724
4989
9140
3777
3049
4702
5574
6427
6623
8125
8892
4800
9137
5782
3347
9766
3105
7940
2608
2433
6510
4262
7977
9924
9734
563
32
5344
9956
4553
5608
9129
5848
3308
4664
1493
6972
3430
3830
6960
9111
8287
1282
8661
6474
8841
3090
3664
3305
8773
2904
8603
6599
5674
1061
6152
3744
824
6174
229
8486
3380
3888
5178
1678
1319
1041
5508
2280
4495
9743
3163
8219
4440
2764
5542
9441
9797
9338
4100
7963
7016
1410
1097
9697
6736
869
1891
2388
5343
6493
1972
8095
7471
5139
3248
4948
4561
8805
4793
5052
9774
5216
3530
4867
5059
9971
1979
2440
1051
7602
6510
3232
1196
8588
95
8024
2633
8963
7519
5150
2883
1378
24
4047
262
6484
9839
1131
6913
2320
5592
4867
8179
8159
3992
4144
4176
3232
9453
2093
8687
736
76
8387
8000
4894
5330
1146
5757
916
9658
4298
8567
6894
6888
2441
4907
129
5945
6269
6475
7973
9817
3008
3375
400
8094
4943
2027
6503
4228
2739
1950
4726
1472
9570
2412
1492
851
5305
6606
3655
583
5173
8296
4050
2044
3867
3104
5854
8814
3380
8359
3019
59
4930
6538
4192
9670
3212
5240
5805
6076
6967
6690
466
4580
8898
1786
7302
9533
5789
1500
7538
3482
6506
4382
5947
8790
7245
6647
9510
2577
4412
4908
4616
9737
4072
7055
5900
5087
7274
4222
9794
4650
1112
4853
3966
3970
102
8925
9831
9749
2482
80
2202
9766
7595
4312
2936
4074
4102
3471
6543
23
3108
8149
6870
856
6191
6308
7095
4704
5970
6778
3745
2971
340
9517
6933
3432
4652
7664
7186
4614
7210
8358
3240
4430
7490
2654
9343
5927
688
570
770
9048
7095
4942
8092
3830
6802
2050
4202
4782
7266
9895
5512
9430
8129
1517
6632
4657
5263
6232
8264
5674
8572
4446
7487
133
9237
5319
5425
6357
7086
8274
1303
6312
9237
8744
1462
4595
4202
1889
1149
2590
7341
6370
7984
9308
8921
4102
3883
7011
4589
2890
5167
9875
9717
8304
7516
3661
1567
5252
6704
1562
3445
4440
4063
7709
6655
5766
7301
6271
8790
9200
4395
606
5752
7699
727
2134
5594
8818
9104
8427
9730
6429
2314
7679
4654
1805
8668
8119
1855
9723
8432
2154
3656
7802
9023
3863
5208
9723
3985
9192
8354
4506
5253
4128
8426
9671
8074
1127
2992
7595
1813
4185
4402
3780
131
6826
6510
2213
9566
2468
4889
7818
8100
3958
3721
4796
2397
4731
8543
2430
1264
882
146
1992
2722
3643
8918
7096
1355
339
7223
411
4619
897
362
6353
2757
7655
5987
2942
5134
1068
8121
2775
3912
9235
4481
1256
7576
4074
6586
9819
9866
6561
1473
9299
2864
2182
1840
1726
2088
2114
2455
8502
2963
5227
8226
2709
7793
9936
889
5919
4597
2729
4036
5880
1034
9077
4130
6865
8155
4904
270
7164
3072
4639
9769
4679
1900
2887
8830
6894
1090
2404
4558
7097
5986
4738
2292
1157
4983
6485
4886
9487
4985
4824
2841
8347
8416
2881
9526
2021
1563
1119
2344
7959
6602
8512
5374
9861
5181
8770
8739
7084
3713
3167
5264
7490
4510
1510
7995
9785
9602
6610
9837
8195
8429
3141
2590
6767
3034
2491
7644
6770
3079
8258
4800
4335
4937
7440
8332
656
2488
2514
3076
7997
4942
4965
2489
3289
7405
4231
3194
5689
8663
8943
180
9814
796
673
1439
5556
7866
9561
4979
8597
2334
4262
4636
1723
7202
571
5155
7076
2953
2017
3778
7443
9005
6920
4079
7309
9930
2591
4129
5788
9606
2847
3932
6246
322
4982
2862
207
5084
5769
8352
3562
4931
9761
4413
5189
4247
9696
1383
4596
3457
1686
9274
247
7737
4446
6906
3853
4273
7939
6770
9973
466
8662
6622
2661
5258
3976
4424
2120
6098
8663
2585
9986
1070
7346
673
3401
2522
7083
3339
6273
741
32
8561
7613
3195
7131
9737
2455
5801
2099
7236
148
4610
2889
4799
3675
9028
4758
599
2301
6389
9291
7365
8766
1240
212
1682
2597
5607
8440
8562
8971
6564
4959
5609
1822
2673
1361
7243
7978
6272
8357
4568
1149
1213
1599
9065
182
2938
2979
2991
9995
6661
8513
5051
3816
6592
8682
2241
3859
710
9604
111
6440
8464
6896
7815
7271
3186
8088
8038
4119
669
6986
164
6308
713
5513
485
3159
4321
6923
401
1682
8754
3849
1991
404
9258
1753
9981
9153
5282
2482
3461
9704
7706
3077
2221
4335
711
1530
1991
3615
7578
1334
497
3312
8403
6279
9009
7789
9632
5193
6152
1654
3307
220
3992
1086
4280
8179
6644
1783
7157
7165
5009
3101
7779
9152
8146
8057
4807
1097
9808
6310
3681
3608
1640
6923
4647
5934
6410
2863
5190
8916
4562
9708
9127
5408
6948
1474
4594
3951
7110
1379
3944
8993
3240
6582
1266
4497
4731
3577
3523
6669
2302
693
9535
7594
1847
8130
1350
5371
378
8952
5042
2821
3083
6501
4478
8809
2226
7144
5452
575
4514
4164
4849
1628
6559
8797
3317
7342
3956
3526
8478
3817
3720
1886
2005
5714
159
4183
9333
7351
901
6348
1219
3849
5695
7295
3847
6716
7621
972
6179
5192
9205
4938
1503
798
1669
4915
7073
1064
4428
8272
5697
1192
872
1978
8429
1829
5591
4879
4514
4699
3340
7046
2569
9504
8229
2948
755
4475
5081
2405
3026
9808
6749
1116
2473
3165
989
6749
8006
9257
7119
9640
7865
5620
5118
9562
968
3016
7032
1617
6741
2213
9728
915
9830
1720
6296
7361
8722
220
9725
5698
9739
9591
9353
3932
7962
9234
538
1686
2334
5203
487
6577
8956
9219
9276
267
6542
694
5537
5978
4637
7980
3847
2127
5550
8640
8417
9715
4872
7975
9176
7823
1884
1797
9179
7464
8254
2164
6780
2697
9747
8092
9477
1098
5855
6611
1539
176
1488
6886
2519
7887
2245
4390
9222
6610
9915
1643
5761
656
99
3888
7990
6313
4245
6583
9304
652
6483
1204
1861
2842
2515
637
9374
9724
4989
9140
3777
3049
4702
5574
6427
6623
8125
8892
4800
9137
5782
3347
9766
3105
7940
2608
2433
6510
4262
7977
9924
9734
563
32
5344
9956
4553
5608
9129
5848
3308
4664
1493
6972
3430
3830
6960
9111
8287
1282
8661
6474
8841
3090
3664
3305
8773
2904
8603
6599
5674
1061
6152
3744
824
6174
229
8486
3380
3888
5178
1678
1319
1041
5508
2280
4495
9743
3163
8219
4440
2764
5542
9441
9797
9338
4100
7963
7016
1410
1097
9697
6736
869
1891
2388
5343
6493
1972
8095
7471
5139
3248
4948
4561
8805
4793
5052
9774
5216
3530
4867
5059
9971
1979
2440
1051
7602
6510
3232
1196
8588
95
8024
2633
8963
7519
5150
2883
1378
24
4047
262
6484
9839
1131
6913
2320
5592
4867
8179
8159
3992
4144
4176
3232
9453
2093
8687
736
76
8387
8000
4894
5330
1146
5757
916
9658
4298
8567
6894
6888
2441
4907
129
5945
6269
6475
7973
9817
3008
3375
400
8094
4943
2027
6503
4228
2739
1950
4726
1472
9570
2412
1492
851
5305
6606
3655
583
5173
8296
4050
2044
3867
3104
5854
8814
3380
8359
3019
59
4930
6538
4192
9670
3212
5240
5805
6076
6967
6690
466
4580
8898
1786
7302
9533
5789
500
7538
3482
6506
4382
5947
8790
7245
6647
9510
2577
4412
4908
4616
9737
4072
7055
5900
5087
7274
4222
9794
4650
1112
4853
3966
3970
102
8925
9831
9749
2482
80
2202
9766
7595
4312
2936
4074
4102
3471
6543
23
3108
8149
6870
856
6191
6308
7095
4704
5970
6778
3745
2971
340
9517
6933
3432
4652
7664
7186
4614
7210
8358
3240
4430
7490
2654
9343
5927
688
570
770
9048
7095
4942
8092
3830
6802
2050
4202
4782
7266
9895
5512
9430
8129
1517
6632
4657
5263
6232
8264
5674
8572
4446
7487
133
9237
5319
5425
6357
7086
8274
1303
6312
9237
8744
1462
4595
4202
1889
1149
2590
7341
6370
7984
9308
8921
4102
3883
7011
4589
2890
5167
9875
9717
8304
7516
3661
1567
5252
6704
1562
3445
4440
4063
7709
6655
5766
7301
6271
8790
9200
4395
606
5752
7699
727
2134
5594
8818
9104
8427
9730
6429
2314
7679
4654
1805
8668
8119
1855
9723
8432
2154
3656
7802
9023
3863
5208
9723
3985
9192
8354
4506
5253
4128
8426
9671
8074
1127
2992
7595
1813
4185
4402
3780
131
6826
6510
2213
9566
2468
4889
7818
8100
3958
3721
4796
2397
4731
8543
2430
1264
882
146
1992
2722
3643
8918
7096
1355
339
7223
411
4619
897
362
6353
2757
7655
5987
2942
5134
1068
8121
2775
3912
9235
4481
1256
7576
4074
6586
9819
9866
6561
1473
9299
2864
2182
1840
1726
2088
2114
2455
8502
2963
5227
8226
2709
7793
9936
889
5919
4597
2729
4036
5880
1034
9077
4130
6865
8155
4904
270
7164
3072
4639
9769
4679
1900
2887
8830
6894
1090
2404
4558
7097
5986
4738
2292
1157
4983
6485
4886
9487
4985
4824
2841
8347
8416
2881
9526
2021
1563
1119
2344
7959
6602
8512
5374
9861
5181
8770
8739
7084
3713
3167
5264
7490
4510
1510
7995
9785
9602
6610
9837
8195
8429
3141
2590
6767
3034
2491
7644
6770
3079
8258
4800
4335
4937
7440
8332
656
2488
2514
3076
7997
4942
4965
2489
3289
7405
4231
3194
5689
8663
8943
180
9814
796
673
1439
5556
7866
9561
4979
8597
2334
4262
4636
1723
7202
571
5155
7076
2953
2017
3778
7443
9005
6920
4079
7309
9930
2591
4129
5788
9606
2847
3932
6246
322
4982
2862
207
5084
5769
8352
3562
4931
9761
4413
5189
4247
9696
1383
4596
3457
1686
9274
247
7737
4446
6906
3853
4273
7939
6770
9973
466
8662
6622
2661
5258
3976
4424
2120
6098
8663
2585
9986
1070
7346
673
3401
2522
7083
3339
6273
741
32
8561
7613
3195
7131
9737
2455
5801
2099
7236
148
4610
2889
4799
3675
9028
4758
599
2301
6389
9291
7365
8766
1240
212
1682
2597
5607
8440
8562
8971
6564
4959
5609
1822
2673
1361
7243
7978
6272
8357
4568
1149
1213
1599
9065
182
2938
2979
2991
9995
6661
8513
5051
3816
6592
8682
2241
3859
710
9604
111
6440
8464
6896
7815
7271
3186
8088
8038
4119
669
6986
164
6308
713
5513
485
3159
4321
6923
401
1682
8754
3849
1991
404
9258
1753
9981
9153
5282
2482
3461
9704
7706
3077
2221
4335
711
1530
1991
3615
7578
1334
497
3312
8403
6279
9009
7789
9632
5193
6152
1654
3307
220
3992
1086
4280
8179
6644
1783
7157
7165
5009
3101
7779
9152
8146
8057
4807
1097
9808
6310
3681
3608
1640
6923
4647
5934
6410
2863
5190
8916
4562
9708
9127
5408
6948
1474
4594
3951
7110
1379
3944
8993
3240
6582
1266
4497
4731
3577
3523
6669
2302
693
9535
7594
1847
8130
1350
5371
378
8952
5042
2821
3083
6501
4478
8809
2226
7144
5452
575
4514
4164
4849
1628
6559
8797
3317
7342
3956
3526
8478
3817
3720
1886
2005
5714
159
4183
9333
7351
901
6348
1219
3849
5695
7295
3847
6716
7621
972
6179
5192
9205
4938
1503
798
1669
4915
7073
1064
4428
8272
5697
1192
872
1978
8429
1829
5591
4879
4514
4699
3340
7046
2569
9504
8229
2948
755
4475
5081
2405
3026
9808
6749
1116
2473
3165
989
6749
8006
9257
7119
9640
7865
5620
5118
9562
968
3016
7032
1617
6741
2213
9728
915
9830
1720
6296
7361
8722
220
9725
5698
9739
9591
9353
3932
7962
9234
538
1686
2334
5203
487
6577
8956
9219
9276
267
6542
694
5537
5978
4637
7980
3847
2127
5550
8640
8417
9715
4872
7975
9176
7823
1884
1797
9179
7464
8254
2164
6780
2697
9747
8092
9477
1098
5855
6611
1539
176
1488
6886
2519
7887
2245
4390
9222
6610
9915
1643
5761
656
99
3888
7990
6313
4245
6583
9304
652
6483
1204
1861
2842
2515
637
9374
9724
4989
9140
3777
3049
4702
5574
6427
6623
8125
8892
4800
9137
5782
3347
9766
3105
7940
2608
2433
6510
4262
7977
9924
9734
563
32
5344
9956
4553
5608
9129
5848
3308
4664
1493
6972
3430
3830
6960
9111
8287
1282
8661
6474
8841
3090
3664
3305
8773
2904
8603
6599
5674
1061
6152
3744
824
6174
229
8486
3380
3888
5178
1678
1319
1041
5508
2280
4495
9743
3163
8219
4440
2764
5542
9441
9797
9338
4100
7963
7016
1410
1097
9697
6736
869
1891
2388
5343
6493
1972
8095
7471
5139
3248
4948
4561
8805
4793
5052
9774
5216
3530
4867
5059
9971
1979
2440
1051
7602
6510
3232
1196
8588
95
8024
2633
8963
7519
5150
2883
1378
24
4047
262
6484
9839
1131
6913
2320
5592
4867
8179
8159
3992
4144
4176
3232
9453
2093
8687
736
76
8387
8000
4894
5330
1146
5757
916
9658
4298
8567
6894
6888
2441
4907
129
5945
6269
6475
7973
9817
3008
3375
400
8094
4943
2027
6503
4228
2739
1950
4726
1472
9570
2412
1492
851
5305
6606
3655
583
5173
8296
4050
2044
3867
3104
5854
8814
3380
8359
3019
59
4930
6538
4192
9670
3212
5240
5805
6076
6967
6690
466
4580
8898
1786
7302
9533
5789
1000
7538
3482
6506
4382
5947
8790
7245
6647
9510
2577
4412
4908
4616
9737
4072
7055
5900
5087
7274
4222
9794
4650
1112
4853
3966
3970
102
8925
9831
9749
2482
80
2202
9766
7595
4312
2936
4074
4102
3471
6543
23
3108
8149
6870
856
6191
6308
7095
4704
5970
6778
3745
2971
340
9517
6933
3432
4652
7664
7186
4614
7210
8358
3240
4430
7490
2654
9343
5927
688
570
770
9048
7095
4942
8092
3830
6802
2050
4202
4782
7266
9895
5512
9430
8129
1517
6632
4657
5263
6232
8264
5674
8572
4446
7487
133
9237
5319
5425
6357
7086
8274
1303
6312
9237
8744
1462
4595
4202
1889
1149
2590
7341
6370
7984
9308
8921
4102
3883
7011
4589
2890
5167
9875
9717
8304
7516
3661
1567
5252
6704
1562
3445
4440
4063
7709
6655
5766
7301
6271
8790
9200
4395
606
5752
7699
727
2134
5594
8818
9104
8427
9730
6429
2314
7679
4654
1805
8668
8119
1855
9723
8432
2154
3656
7802
9023
3863
5208
9723
3985
9192
8354
4506
5253
4128
8426
9671
8074
1127
2992
7595
1813
4185
4402
3780
131
6826
6510
2213
9566
2468
4889
7818
8100
3958
3721
4796
2397
4731
8543
2430
1264
882
146
1992
2722
3643
8918
7096
1355
339
7223
411
4619
897
362
6353
2757
7655
5987
2942
5134
1068
8121
2775
3912
9235
4481
1256
7576
4074
6586
9819
9866
6561
1473
9299
2864
2182
1840
1726
2088
2114
2455
8502
2963
5227
8226
2709
7793
9936
889
5919
4597
2729
4036
5880
1034
9077
4130
6865
8155
4904
270
7164
3072
4639
9769
4679
1900
2887
8830
6894
1090
2404
4558
7097
5986
4738
2292
1157
4983
6485
4886
9487
4985
4824
2841
8347
8416
2881
9526
2021
1563
1119
2344
7959
6602
8512
5374
9861
5181
8770
8739
7084
3713
3167
5264
7490
4510
1510
7995
9785
9602
6610
9837
8195
8429
3141
2590
6767
3034
2491
7644
6770
3079
8258
4800
4335
4937
7440
8332
656
2488
2514
3076
7997
4942
4965
2489
3289
7405
4231
3194
5689
8663
8943
180
9814
796
673
1439
5556
7866
9561
4979
8597
2334
4262
4636
1723
7202
571
5155
7076
2953
2017
3778
7443
9005
6920
4079
7309
9930
2591
4129
5788
9606
2847
3932
6246
322
4982
2862
207
5084
5769
8352
3562
4931
9761
4413
5189
4247
9696
1383
4596
3457
1686
9274
247
7737
4446
6906
3853
4273
7939
6770
9973
466
8662
6622
2661
5258
3976
4424
2120
6098
8663
2585
9986
1070
7346
673
3401
2522
7083
3339
6273
741
32
8561
7613
3195
7131
9737
2455
5801
2099
7236
148
4610
2889
4799
3675
9028
4758
599
2301
6389
9291
7365
8766
1240
212
1682
2597
5607
8440
8562
8971
6564
4959
5609
1822
2673
1361
7243
7978
6272
8357
4568
1149
1213
1599
9065
182
2938
2979
2991
9995
6661
8513
5051
3816
6592
8682
2241
3859
710
9604
111
6440
8464
6896
7815
7271
3186
8088
8038
4119
669
6986
164
6308
713
5513
485
3159
4321
6923
401
1682
8754
3849
1991
404
9258
1753
9981
9153
5282
2482
3461
9704
7706
3077
2221
4335
711
1530
1991
3615
7578
1334
497
3312
8403
6279
9009
7789
9632
5193
6152
1654
3307
220
3992
1086
4280
8179
6644
1783
7157
7165
5009
3101
7779
9152
8146
8057
4807
1097
9808
6310
3681
3608
1640
6923
4647
5934
6410
2863
5190
8916
4562
9708
9127
5408
6948
1474
4594
3951
7110
1379
3944
8993
3240
6582
1266
4497
4731
3577
3523
6669
2302
693
9535
7594
1847
8130
1350
5371
378
8952
5042
2821
3083
6501
4478
8809
2226
7144
5452
575
4514
4164
4849
1628
6559
8797
3317
7342
3956
3526
8478
3817
3720
1886
2005
5714
159
4183
9333
7351
901
6348
1219
3849
5695
7295
3847
6716
7621
972
6179
5192
9205
4938
1503
798
1669
4915
7073
1064
4428
8272
5697
1192
872
1978
8429
1829
5591
4879
4514
4699
3340
7046
2569
9504
8229
2948
755
4475
5081
2405
3026
9808
6749
1116
2473
3165
989
6749
8006
9257
7119
9640
7865
5620
5118
9562
968
3016
7032
1617
6741
2213
9728
915
9830
1720
6296
7361
8722
220
9725
5698
9739
9591
9353
3932
7962
9234
538
1686
2334
5203
487
6577
8956
9219
9276
267
6542
694
5537
5978
4637
7980
3847
2127
5550
8640
8417
9715
4872
7975
9176
7823
1884
1797
9179
7464
8254
2164
6780
2697
9747
8092
9477
1098
5855
6611
1539
176
1488
6886
2519
7887
2245
4390
9222
6610
9915
1643
5761
656
99
3888
7990
6313
4245
6583
9304
652
6483
1204
1861
2842
2515
637
9374
9724
4989
9140
3777
3049
4702
5574
6427
6623
8125
8892
4800
9137
5782
3347
9766
3105
7940
2608
2433
6510
4262
7977
9924
9734
563
32
5344
9956
4553
5608
9129
5848
3308
4664
1493
6972
3430
3830
6960
9111
8287
1282
8661
6474
8841
3090
3664
3305
8773
2904
8603
6599
5674
1061
6152
3744
824
6174
229
8486
3380
3888
5178
1678
1319
1041
5508
2280
4495
9743
3163
8219
4440
2764
5542
9441
9797
9338
4100
7963
7016
1410
1097
9697
6736
869
1891
2388
5343
6493
1972
8095
7471
5139
3248
4948
4561
8805
4793
5052
9774
5216
3530
4867
5059
9971
1979
2440
1051
7602
6510
3232
1196
8588
95
8024
2633
8963
7519
5150
2883
1378
24
4047
262
6484
9839
1131
6913
2320
5592
4867
8179
8159
3992
4144
4176
3232
9453
2093
8687
736
76
8387
8000
4894
5330
1146
5757
916
9658
4298
8567
6894
6888
2441
4907
129
5945
6269
6475
7973
9817
3008
3375
400
8094
4943
2027
6503
4228
2739
1950
4726
1472
9570
2412
1492
851
5305
6606
3655
583
5173
8296
4050
2044
3867
3104
5854
8814
3380
8359
3019
59
4930
6538
4192
9670
3212
5240
5805
6076
6967
6690
466
4580
8898
1786
7302
9533
5789
500
7538
3482
6506
4382
5947
8790
7245
6647
9510
2577
4412
4908
4616
9737
4072
7055
5900
5087
7274
4222
9794
4650
1112
4853
3966
3970
102
8925
9831
9749
2482
80
2202
9766
7595
4312
2936
4074
4102
3471
6543
23
3108
8149
6870
856
6191
6308
7095
4704
5970
6778
3745
2971
340
9517
6933
3432
4652
7664
7186
4614
7210
8358
3240
4430
7490
2654
9343
5927
688
570
770
9048
7095
4942
8092
3830
6802
2050
4202
4782
7266
9895
5512
9430
8129
1517
6632
4657
5263
6232
8264
5674
8572
4446
7487
133
9237
5319
5425
6357
7086
8274
1303
6312
9237
8744
1462
4595
4202
1889
1149
2590
7341
6370
7984
9308
8921
4102
3883
7011
4589
2890
5167
9875
9717
8304
7516
3661
1567
5252
6704
1562
3445
4440
4063
7709
6655
5766
7301
6271
8790
9200
4395
606
5752
7699
727
2134
5594
8818
9104
8427
9730
6429
2314
7679
4654
1805
8668
8119
1855
9723
8432
2154
3656
7802
9023
3863
5208
9723
3985
9192
8354
4506
5253
4128
8426
9671
8074
1127
2992
7595
1813
4185
4402
3780
131
6826
6510
2213
9566
2468
4889
7818
8100
3958
3721
4796
2397
4731
8543
2430
1264
882
146
1992
2722
3643
8918
7096
1355
339
7223
411
4619
897
362
6353
2757
7655
5987
2942
5134
1068
8121
2775
3912
9235
4481
1256
7576
4074
6586
9819
9866
6561
1473
9299
2864
2182
1840
1726
2088
2114
2455
8502
2963
5227
8226
2709
7793
9936
889
5919
4597
2729
4036
5880
1034
9077
4130
6865
8155
4904
270
7164
3072
4639
9769
4679
1900
2887
8830
6894
1090
2404
4558
7097
5986
4738
2292
1157
4983
6485
4886
9487
4985
4824
2841
8347
8416
2881
9526
2021
1563
1119
2344
7959
6602
8512
5374
9861
5181
8770
8739
7084
3713
3167
5264
7490
4510
1510
7995
9785
9602
6610
9837
8195
8429
3141
2590
6767
3034
2491
7644
6770
3079
8258
4800
4335
4937
7440
8332
656
2488
2514
3076
7997
4942
4965
2489
3289
7405
4231
3194
5689
8663
8943
180
9814
796
673
1439
5556
7866
9561
4979
8597
2334
4262
4636
1723
7202
571
5155
7076
2953
2017
3778
7443
9005
6920
4079
7309
9930
2591
4129
5788
9606
2847
3932
6246
322
4982
2862
207
5084
5769
8352
3562
4931
9761
4413
5189
4247
9696
1383
4596
3457
1686
9274
247
7737
4446
6906
3853
4273
7939
6770
9973
466
8662
6622
2661
5258
3976
4424
2120
6098
8663
2585
9986
1070
7346
673
3401
2522
7083
3339
6273
741
32
8561
7613
3195
7131
9737
2455
5801
2099
7236
148
4610
2889
4799
3675
9028
4758
599
2301
6389
9291
7365
8766
1240
212
1682
2597
5607
8440
8562
8971
6564
4959
5609
1822
2673
1361
7243
7978
6272
8357
4568
1149
1213
1599
9065
182
2938
2979
2991
9995
6661
8513
5051
3816
6592
8682
2241
3859
710
9604
111
6440
8464
6896
7815
7271
3186
8088
8038
4119
669
6986
164
6308
713
5513
485
3159
4321
6923
401
1682
8754
3849
1991
404
9258
1753
9981
9153
5282
2482
3461
9704
7706
3077
2221
4335
711
1530
1991
3615
7578
1334
497
3312
8403
6279
9009
7789
9632
5193
6152
1654
3307
220
3992
1086
4280
8179
6644
1783
7157
7165
5009
3101
7779
9152
8146
8057
4807
1097
9808
6310
3681
3608
1640
6923
4647
5934
6410
2863
5190
8916
4562
9708
9127
5408
6948
1474
4594
3951
7110
1379
3944
8993
3240
6582
1266
4497
4731
3577
3523
6669
2302
693
9535
7594
1847
8130
1350
5371
378
8952
5042
2821
3083
6501
4478
8809
2226
7144
5452
575
4514
4164
4849
1628
6559
8797
3317
7342
3956
3526
8478
3817
3720
1886
2005
5714
159
4183
9333
7351
901
6348
1219
3849
5695
7295
3847
6716
7621
972
6179
5192
9205
4938
1503
798
1669
4915
7073
1064
4428
8272
5697
1192
872
1978
8429
1829
5591
4879
4514
4699
3340
7046
2569
9504
8229
2948
755
4475
5081
2405
3026
9808
6749
1116
2473
3165
989
6749
8006
9257
7119
9640
7865
5620
5118
9562
968
3016
7032
1617
6741
2213
9728
915
9830
1720
6296
7361
8722
220
9725
5698
9739
9591
9353
3932
7962
9234
538
1686
2334
5203
487
6577
8956
9219
9276
267
6542
694
5537
5978
4637
7980
3847
2127
5550
8640
8417
9715
4872
7975
9176
7823
1884
1797
9179
7464
8254
2164
6780
2697
9747
8092
9477
1098
5855
6611
1539
176
1488
6886
2519
7887
2245
4390
9222
6610
9915
1643
5761
656
99
3888
7990
6313
4245
6583
9304
652
6483
1204
1861
2842
2515
637
9374
9724
4989
9140
3777
3049
4702
5574
6427
6623
8125
8892
4800
9137
5782
3347
9766
3105
7940
2608
2433
6510
4262
7977
9924
9734
563
32
5344
9956
4553
5608
9129
5848
3308
4664
1493
6972
3430
3830
6960
9111
8287
1282
8661
6474
8841
3090
3664
3305
8773
2904
8603
6599
5674
1061
6152
3744
824
6174
229
8486
3380
3888
5178
1678
1319
1041
5508
2280
4495
9743
3163
8219
4440
2764
5542
9441
9797
9338
4100
7963
7016
1410
1097
9697
6736
869
1891
2388
5343
6493
1972
8095
7471
5139
3248
4948
4561
8805
4793
5052
9774
5216
3530
4867
5059
9971
1979
2440
1051
7602
6510
3232
1196
8588
95
8024
2633
8963
7519
5150
2883
1378
24
4047
262
6484
9839
1131
6913
2320
5592
4867
8179
8159
3992
4144
4176
3232
9453
2093
8687
736
76
8387
8000
4894
5330
1146
5757
916
9658
4298
8567
6894
6888
2441
4907
129
5945
6269
6475
7973
9817
3008
3375
400
8094
4943
2027
6503
4228
2739
1950
4726
1472
9570
2412
1492
851
5305
6606
3655
583
5173
8296
4050
2044
3867
3104
5854
8814
3380
8359
3019
59
4930
6538
4192
9670
3212
5240
5805
6076
6967
6690
466
4580
8898
1786
7302
9533
5789
1500
7538
3482
6506
4382
5947
8790
7245
6647
9510
2577
4412
4908
4616
9737
4072
7055
5900
5087
7274
4222
9794
4650
1112
4853
3966
3970
102
8925
9831
9749
2482
80
2202
9766
7595
4312
2936
4074
4102
3471
6543
23
3108
8149
6870
856
6191
6308
7095
4704
5970
6778
3745
2971
340
9517
6933
3432
4652
7664
7186
4614
7210
8358
3240
4430
7490
2654
9343
5927
688
570
770
9048
7095
4942
8092
3830
6802
2050
4202
4782
7266
9895
5512
9430
8129
1517
6632
4657
5263
6232
8264
5674
8572
4446
7487
133
9237
5319
5425
6357
7086
8274
1303
6312
9237
8744
1462
4595
4202
1889
1149
2590
7341
6370
7984
9308
8921
4102
3883
7011
4589
2890
5167
9875
9717
8304
7516
3661
1567
5252
6704
1562
3445
4440
4063
7709
6655
5766
7301
6271
8790
9200
4395
606
5752
7699
727
2134
5594
8818
9104
8427
9730
6429
2314
7679
4654
1805
8668
8119
1855
9723
8432
2154
3656
7802
9023
3863
5208
9723
3985
9192
8354
4506
5253
4128
8426
9671
8074
1127
2992
7595
1813
4185
4402
3780
131
6826
6510
2213
9566
2468
4889
7818
8100
3958
3721
4796
2397
4731
8543
2430
1264
882
146
1992
2722
3643
8918
7096
1355
339
7223
411
4619
897
362
6353
2757
7655
5987
2942
5134
1068
8121
2775
3912
9235
4481
1256
7576
4074
6586
9819
9866
6561
1473
9299
2864
2182
1840
1726
2088
2114
2455
8502
2963
5227
8226
2709
7793
9936
889
5919
4597
2729
4036
5880
1034
9077
4130
6865
8155
4904
270
7164
3072
4639
9769
4679
1900
2887
8830
6894
1090
2404
4558
7097
5986
4738
2292
1157
4983
6485
4886
9487
4985
4824
2841
8347
8416
2881
9526
2021
1563
1119
2344
7959
6602
8512
5374
9861
5181
8770
8739
7084
3713
3167
5264
7490
4510
1510
7995
9785
9602
6610
9837
8195
8429
3141
2590
6767
3034
2491
7644
6770
3079
8258
4800
4335
4937
7440
8332
656
2488
2514
3076
7997
4942
4965
2489
3289
7405
4231
3194
5689
8663
8943
180
9814
796
673
1439
5556
7866
9561
4979
8597
2334
4262
4636
1723
7202
571
5155
7076
2953
2017
3778
7443
9005
6920
4079
7309
9930
2591
4129
5788
9606
2847
3932
6246
322
4982
2862
207
5084
5769
8352
3562
4931
9761
4413
5189
4247
9696
1383
4596
3457
1686
9274
247
7737
4446
6906
3853
4273
7939
6770
9973
466
8662
6622
2661
5258
3976
4424
2120
6098
8663
2585
9986
1070
7346
673
3401
2522
7083
3339
6273
741
32
8561
7613
3195
7131
9737
2455
5801
2099
7236
148
4610
2889
4799
3675
9028
4758
599
2301
6389
9291
7365
8766
1240
212
1682
2597
5607
8440
8562
8971
6564
4959
5609
1822
2673
1361
7243
7978
6272
8357
4568
1149
1213
1599
9065
182
2938
2979
2991
9995
6661
8513
5051
3816
6592
8682
2241
3859
710
9604
111
6440
8464
6896
7815
7271
3186
8088
8038
4119
669
6986
164
6308
713
5513
485
3159
4321
6923
401
1682
8754
3849
1991
404
9258
1753
9981
9153
5282
2482
3461
9704
7706
3077
2221
4335
711
1530
1991
3615
7578
1334
497
3312
8403
6279
9009
7789
9632
5193
6152
1654
3307
220
3992
1086
4280
8179
6644
1783
7157
7165
5009
3101
7779
9152
8146
8057
4807
1097
9808
6310
3681
3608
1640
6923
4647
5934
6410
2863
5190
8916
4562
9708
9127
5408
6948
1474
4594
3951
7110
1379
3944
8993
3240
6582
1266
4497
4731
3577
3523
6669
2302
693
9535
7594
1847
8130
1350
5371
378
8952
5042
2821
3083
6501
4478
8809
2226
7144
5452
575
4514
4164
4849
1628
6559
8797
3317
7342
3956
3526
8478
3817
3720
1886
2005
5714
159
4183
9333
7351
901
6348
1219
3849
5695
7295
3847
6716
7621
972
6179
5192
9205
4938
1503
798
1669
4915
7073
1064
4428
8272
5697
1192
872
1978
8429
1829
5591
4879
4514
4699
3340
7046
2569
9504
8229
2948
755
4475
5081
2405
3026
9808
6749
1116
2473
3165
989
6749
8006
9257
7119
9640
7865
5620
5118
9562
968
3016
7032
1617
6741
2213
9728
915
9830
1720
6296
7361
8722
220
9725
5698
9739
9591
9353
3932
7962
9234
538
1686
2334
5203
487
6577
8956
9219
9276
267
6542
694
5537
5978
4637
7980
3847
2127
5550
8640
8417
9715
4872
7975
9176
7823
1884
1797
9179
7464
8254
2164
6780
2697
9747
8092
9477
1098
5855
6611
1539
176
1488
6886
2519
7887
2245
4390
9222
6610
9915
1643
5761
656
99
3888
7990
6313
4245
6583
9304
652
6483
1204
1861
2842
2515
637
9374
9724
4989
9140
3777
3049
4702
5574
6427
6623
8125
8892
4800
9137
5782
3347
9766
3105
7940
2608
2433
6510
4262
7977
9924
9734
563
32
5344
9956
4553
5608
9129
5848
3308
4664
1493
6972
3430
3830
6960
9111
8287
1282
8661
6474
8841
3090
3664
3305
8773
2904
8603
6599
5674
1061
6152
3744
824
6174
229
8486
3380
3888
5178
1678
1319
1041
5508
2280
4495
9743
3163
8219
4440
2764
5542
9441
9797
9338
4100
7963
7016
1410
1097
9697
6736
869
1891
2388
5343
6493
1972
8095
7471
5139
3248
4948
4561
8805
4793
5052
9774
5216
3530
4867
5059
9971
1979
2440
1051
7602
6510
3232
1196
8588
95
8024
2633
8963
7519
5150
2883
1378
24
4047
262
6484
9839
1131
6913
2320
5592
4867
8179
8159
3992
4144
4176
3232
9453
2093
8687
736
76
8387
8000
4894
5330
1146
5757
916
9658
4298
8567
6894
6888
2441
4907
129
5945
6269
6475
7973
9817
3008
3375
400
8094
4943
2027
6503
4228
2739
1950
4726
1472
9570
2412
1492
851
5305
6606
3655
583
5173
8296
4050
2044
3867
3104
5854
8814
3380
8359
3019
59
4930
6538
4192
9670
3212
5240
5805
6076
6967
6690
466
4580
8898
1786
7302
9533
5789
500
7538
3482
6506
4382
5947
8790
7245
6647
9510
2577
4412
4908
4616
9737
4072
7055
5900
5087
7274
4222
9794
4650
1112
4853
3966
3970
102
8925
9831
9749
2482
80
2202
9766
7595
4312
2936
4074
4102
3471
6543
23
3108
8149
6870
856
6191
6308
7095
4704
5970
6778
3745
2971
340
9517
6933
3432
4652
7664
7186
4614
7210
8358
3240
4430
7490
2654
9343
5927
688
570
770
9048
7095
4942
8092
3830
6802
2050
4202
4782
7266
9895
5512
9430
8129
1517
6632
4657
5263
6232
8264
5674
8572
4446
7487
133
9237
5319
5425
6357
7086
8274
1303
6312
9237
8744
1462
4595
4202
1889
1149
2590
7341
6370
7984
9308
8921
4102
3883
7011
4589
2890
5167
9875
9717
8304
7516
3661
1567
5252
6704
1562
3445
4440
4063
7709
6655
5766
7301
6271
8790
9200
4395
606
5752
7699
727
2134
5594
8818
9104
8427
9730
6429
2314
7679
4654
1805
8668
8119
1855
9723
8432
2154
3656
7802
9023
3863
5208
9723
3985
9192
8354
4506
5253
4128
8426
9671
8074
1127
2992
7595
1813
4185
4402
3780
131
6826
6510
2213
9566
2468
4889
7818
8100
3958
3721
4796
2397
4731
8543
2430
1264
882
146
1992
2722
3643
8918
7096
1355
339
7223
411
4619
897
362
6353
2757
7655
5987
2942
5134
1068
8121
2775
3912
9235
4481
1256
7576
4074
6586
9819
9866
6561
1473
9299
2864
2182
1840
1726
2088
2114
2455
8502
2963
5227
8226
2709
7793
9936
889
5919
4597
2729
4036
5880
1034
9077
4130
6865
8155
4904
270
7164
3072
4639
9769
4679
1900
2887
8830
6894
1090
2404
4558
7097
5986
4738
2292
1157
4983
6485
4886
9487
4985
4824
2841
8347
8416
2881
9526
2021
1563
1119
2344
7959
6602
8512
5374
9861
5181
8770
8739
7084
3713
3167
5264
7490
4510
1510
7995
9785
9602
6610
9837
8195
8429
3141
2590
6767
3034
2491
7644
6770
3079
8258
4800
4335
4937
7440
8332
656
2488
2514
3076
7997
4942
4965
2489
3289
7405
4231
3194
5689
8663
8943
180
9814
796
673
1439
5556
7866
9561
4979
8597
2334
4262
4636
1723
7202
571
5155
7076
2953
2017
3778
7443
9005
6920
4079
7309
9930
2591
4129
5788
9606
2847
3932
6246
322
4982
2862
207
5084
5769
8352
3562
4931
9761
4413
5189
4247
9696
1383
4596
3457
1686
9274
247
7737
4446
6906
3853
4273
7939
6770
9973
466
8662
6622
2661
5258
3976
4424
2120
6098
8663
2585
9986
1070
7346
673
3401
2522
7083
3339
6273
741
32
8561
7613
3195
7131
9737
2455
5801
2099
7236
148
4610
2889
4799
3675
9028
4758
599
2301
6389
9291
7365
8766
1240
212
1682
2597
5607
8440
8562
8971
6564
4959
5609
1822
2673
1361
7243
7978
6272
8357
4568
1149
1213
1599
9065
182
2938
2979
2991
9995
6661
8513
5051
3816
6592
8682
2241
3859
710
9604
111
6440
8464
6896
7815
7271
3186
8088
8038
4119
669
6986
164
6308
713
5513
485
3159
4321
6923
401
1682
8754
3849
1991
404
9258
1753
9981
9153
5282
2482
3461
9704
7706
3077
2221
4335
711
1530
1991
3615
7578
1334
497
3312
8403
6279
9009
7789
9632
5193
6152
1654
3307
220
3992
1086
4280
8179
6644
1783
7157
7165
5009
3101
7779
9152
8146
8057
4807
1097
9808
6310
3681
3608
1640
6923
4647
5934
6410
2863
5190
8916
4562
9708
9127
5408
6948
1474
4594
3951
7110
1379
3944
8993
3240
6582
1266
4497
4731
3577
3523
6669
2302
693
9535
7594
1847
8130
1350
5371
378
8952
5042
2821
3083
6501
4478
8809
2226
7144
5452
575
4514
4164
4849
1628
6559
8797
3317
7342
3956
3526
8478
3817
3720
1886
2005
5714
159
4183
9333
7351
901
6348
1219
3849
5695
7295
3847
6716
7621
972
6179
5192
9205
4938
1503
798
1669
4915
7073
1064
4428
8272
5697
1192
872
1978
8429
1829
5591
4879
4514
4699
3340
7046
2569
9504
8229
2948
755
4475
5081
2405
3026
9808
6749
1116
2473
3165
989
6749
8006
9257
7119
9640
7865
5620
5118
9562
968
3016
7032
1617
6741
2213
9728
915
9830
1720
6296
7361
8722
220
9725
5698
9739
9591
9353
3932
7962
9234
538
1686
2334
5203
487
6577
8956
9219
9276
267
6542
694
5537
5978
4637
7980
3847
2127
5550
8640
8417
9715
4872
7975
9176
7823
1884
1797
9179
7464
8254
2164
6780
2697
9747
8092
9477
1098
5855
6611
1539
176
1488
6886
2519
7887
2245
4390
9222
6610
9915
1643
5761
656
99
3888
7990
6313
4245
6583
9304
652
6483
1204
1861
2842
2515
637
9374
9724
4989
9140
3777
3049
4702
5574
6427
6623
8125
8892
4800
9137
5782
3347
9766
3105
7940
2608
2433
6510
4262
7977
9924
9734
563
32
5344
9956
4553
5608
9129
5848
3308
4664
1493
6972
3430
3830
6960
9111
8287
1282
8661
6474
8841
3090
3664
3305
8773
2904
8603
6599
5674
1061
6152
3744
824
6174
229
8486
3380
3888
5178
1678
1319
1041
5508
2280
4495
9743
3163
8219
4440
2764
5542
9441
9797
9338
4100
7963
7016
1410
1097
9697
6736
869
1891
2388
5343
6493
1972
8095
7471
5139
3248
4948
4561
8805
4793
5052
9774
5216
3530
4867
5059
9971
1979
2440
1051
7602
6510
3232
1196
8588
95
8024
2633
8963
7519
5150
2883
1378
24
4047
262
6484
9839
1131
6913
2320
5592
4867
8179
8159
3992
4144
4176
3232
9453
2093
8687
736
76
8387
8000
4894
5330
1146
5757
916
9658
4298
8567
6894
6888
2441
4907
129
5945
6269
6475
7973
9817
3008
3375
400
8094
4943
2027
6503
4228
2739
1950
4726
1472
9570
2412
1492
851
5305
6606
3655
583
5173
8296
4050
2044
3867
3104
5854
8814
3380
8359
3019
59
4930
6538
4192
9670
3212
5240
5805
6076
6967
6690
466
4580
8898
1786
7302
9533
5789